     0/299     5.58G   0.05654   0.09764   0.02123    0.1754        28       640    0.1801    0.6388    0.2926    0.1873   0.05784  0.007292   0.01789
     1/299     5.76G    0.0365  0.008991    0.0123   0.05778        29       640    0.5207    0.4598    0.4735    0.2724   0.06034  0.008125   0.01239
     2/299     5.76G   0.04224  0.009677   0.01013   0.06205        37       640    0.5615    0.4358    0.4748    0.2715   0.06464   0.00887   0.01251
     3/299     5.76G   0.04368  0.009991   0.01065   0.06432        27       640    0.5133    0.4844      0.46    0.2547   0.06186  0.008643   0.01138
     4/299     5.76G   0.04244  0.009825  0.009724   0.06198        29       640    0.6153    0.5529    0.5879    0.3401   0.05974  0.008565   0.01051
     5/299     5.76G   0.04017   0.00961  0.008715   0.05849        42       640    0.6347    0.6229     0.657     0.392    0.0642  0.007665  0.009279
     6/299     5.76G   0.03965  0.009401  0.008199   0.05725        30       640    0.7336     0.582    0.6455    0.4068   0.05935   0.00808   0.01025
     7/299     5.76G   0.03838  0.009435  0.008086    0.0559        19       640    0.7487    0.6375    0.7211     0.457   0.05625  0.007678  0.008592
     8/299     5.76G   0.03686  0.009378  0.007669   0.05391        34       640    0.7979    0.6591     0.726    0.4558   0.05171  0.007997  0.009098
     9/299     5.76G    0.0376  0.009421  0.007758   0.05478        20       640     0.703    0.6787    0.7144    0.4583   0.05329  0.007918  0.007983
    10/299     5.76G   0.03595  0.009278  0.007122   0.05235        22       640    0.7634    0.6885     0.734    0.4516    0.0515  0.007789  0.008019
    11/299     5.76G   0.03545  0.009045  0.006698   0.05119        28       640    0.7597    0.6784    0.7393     0.484   0.05186  0.007531  0.007307
    12/299     5.76G   0.03489   0.00894  0.006514   0.05035        46       640    0.7707    0.7001    0.7518    0.4967    0.0534  0.007574  0.008187
    13/299     5.76G   0.03455   0.00898  0.006662   0.05019        32       640    0.7748    0.7096    0.7627    0.5041    0.0503  0.007623  0.007071
    14/299     5.76G   0.03432  0.008902  0.006502   0.04972        28       640    0.7387    0.7133    0.7636    0.5075   0.05266  0.007522  0.007194
    15/299     5.76G   0.03438  0.008881  0.006098   0.04936        26       640    0.8487    0.6819    0.7829    0.5218   0.05065  0.007587  0.007845
    16/299     5.76G   0.03365  0.008699  0.005928   0.04827        39       640    0.7927     0.742    0.7901    0.5412   0.04678  0.007541   0.00691
    17/299     5.76G   0.03348  0.008776  0.006002   0.04826        41       640    0.7612    0.7563     0.785    0.5267   0.04497  0.007743  0.006619
    18/299     5.76G   0.03307  0.008893  0.005673   0.04763        26       640     0.823    0.7522    0.8057    0.5513   0.04577   0.00752  0.006569
    19/299     5.76G   0.03236  0.008826   0.00563   0.04681        26       640    0.8083     0.751    0.8023    0.5501   0.04478  0.007499  0.006367
    20/299     5.76G   0.03246  0.008769  0.005691   0.04692        28       640    0.8469    0.7176    0.7946    0.5461   0.04504  0.007683  0.006161
    21/299     5.76G   0.03207  0.008805  0.005621    0.0465        34       640    0.7629    0.7904    0.8061    0.5553   0.04283   0.00749  0.005476
    22/299     5.77G   0.03185  0.008754  0.005632   0.04624        21       640    0.8431    0.7352    0.8187     0.564   0.04459  0.007287  0.006232
    23/299     5.77G   0.03169  0.008778  0.005597   0.04607        26       640    0.8382    0.7607    0.8328    0.5839   0.04275    0.0074  0.006077
    24/299     5.77G   0.03153  0.008615  0.005481   0.04563        19       640     0.824    0.7665    0.8353    0.5917   0.04209   0.00739  0.005598
    25/299     5.77G   0.03098  0.008512  0.005162   0.04465        14       640    0.8181    0.7827    0.8309    0.5835   0.04215  0.007162   0.00542
    26/299     5.77G   0.03069  0.008611  0.005315   0.04461        24       640    0.8195    0.7951     0.838    0.5978   0.04103  0.007312  0.005639
    27/299     5.77G   0.03087  0.008482  0.005156   0.04451        40       640     0.829    0.7921    0.8372    0.5927   0.04187  0.007315  0.005908
    28/299     5.77G   0.03063  0.008451  0.005087   0.04417        25       640    0.8169    0.7794    0.8323    0.5872   0.04386  0.007179  0.005548
    29/299     5.77G    0.0306  0.008391  0.005164   0.04416        24       640    0.8493    0.7713    0.8325    0.5893   0.04302   0.00732  0.006297
    30/299     5.77G   0.03022    0.0085   0.00498    0.0437        25       640    0.8641    0.7845    0.8536    0.6127   0.04276  0.007284  0.006013
    31/299     5.77G   0.03046   0.00847  0.005014   0.04394        48       640    0.8363    0.7868    0.8489     0.601    0.0431  0.007173  0.006404
    32/299     5.77G   0.03023  0.008375  0.004968   0.04357        36       640    0.8031    0.8399    0.8618    0.6218   0.04229  0.007111    0.0055
    33/299     5.77G   0.03011  0.008296  0.004817   0.04322        19       640    0.8537    0.8006    0.8611    0.6219   0.04002  0.007324  0.006336
    34/299     5.77G    0.0295  0.008262  0.004774   0.04253        18       640     0.853    0.8281    0.8649     0.623   0.04193  0.007298  0.005618
    35/299     5.77G   0.02986  0.008284  0.004616   0.04276        23       640     0.849    0.8011    0.8592    0.6328   0.04187  0.007072  0.006351
    36/299     5.77G   0.02957  0.008272  0.004842   0.04268        21       640    0.8284    0.8294     0.866    0.6249   0.04163  0.007101  0.006618
    37/299     5.77G   0.02954  0.008214  0.004665   0.04242        29       640    0.8538    0.7898    0.8603    0.6184   0.04173  0.007191  0.005664
    38/299     5.77G   0.02965  0.008311   0.00457   0.04253        25       640    0.8431    0.8314    0.8667    0.6324    0.0399  0.007232   0.00558
    39/299     5.77G   0.02973  0.008225  0.004632   0.04259        26       640    0.8569    0.8184     0.869    0.6369   0.03979   0.00714  0.005916
    40/299     5.77G   0.02928  0.008105   0.00453   0.04192        23       640    0.8781    0.8159    0.8723    0.6325   0.03997  0.007218  0.005676
    41/299     5.77G   0.02877  0.008123   0.00453   0.04142        34       640    0.8536    0.8218    0.8719    0.6387   0.03972  0.007151  0.005442
    42/299     5.77G   0.02896   0.00822  0.004533   0.04171        20       640    0.8818    0.8063    0.8726    0.6382   0.03968  0.007145  0.005627
    43/299     5.77G   0.02904  0.008122  0.004558   0.04172        29       640     0.867    0.8166    0.8739    0.6476   0.03932  0.007047  0.006352
    44/299     5.77G   0.02889  0.008167   0.00463   0.04168        31       640    0.8622    0.8365    0.8759    0.6504   0.03892  0.007118  0.007364
    45/299     5.77G   0.02877  0.008165  0.004421   0.04135        31       640    0.8606    0.8353    0.8789    0.6504   0.03857  0.007107  0.006459
    46/299     5.77G   0.02868  0.008081  0.004505   0.04126        19       640    0.8707    0.8331    0.8814    0.6551   0.03792  0.007265  0.005867
    47/299     5.77G    0.0289  0.008114  0.004537   0.04155        31       640    0.8752    0.8242     0.888    0.6604    0.0383  0.007089  0.005878
    48/299     5.77G    0.0282  0.008016  0.004189    0.0404        29       640    0.8549     0.832    0.8818    0.6554   0.03823  0.007128  0.005856
    49/299     5.77G     0.029  0.008151  0.004448   0.04159        16       640     0.849    0.8432    0.8836    0.6548   0.03844   0.00716  0.006563
    50/299     5.77G   0.02848  0.008145  0.004255   0.04088        25       640    0.8622    0.8336    0.8813    0.6606    0.0389  0.007111  0.006013
    51/299     5.77G   0.02848   0.00811  0.004378   0.04097        24       640    0.8755    0.8373    0.8816    0.6594   0.03905  0.007134  0.006014
    52/299     5.77G   0.02829  0.008081  0.004282   0.04066        34       640    0.8785    0.8426    0.8899    0.6595   0.03844  0.007221  0.006819
    53/299     5.77G   0.02867  0.008013  0.004358   0.04104        29       640    0.8659    0.8345     0.881    0.6664   0.03776  0.007254  0.006488
    54/299     5.77G   0.02869  0.008089  0.004419   0.04119        17       640    0.8506    0.8392    0.8802     0.664    0.0382  0.007197  0.006127
    55/299     5.77G   0.02857  0.008015  0.004286   0.04087        18       640    0.8459    0.8622    0.8848     0.665   0.03856  0.007133  0.006116
    56/299     5.77G   0.02795  0.007942  0.004149   0.04004        41       640    0.8581    0.8555    0.8832    0.6681   0.03835   0.00712  0.006332
    57/299     5.77G   0.02789   0.00805  0.004173   0.04012        23       640    0.8827     0.845    0.8863      0.67    0.0382  0.007071  0.006232
    58/299     5.77G   0.02808  0.008057  0.004285   0.04042        39       640    0.8585    0.8544    0.8885    0.6776   0.03817  0.007025  0.006265
    59/299     5.77G   0.02759  0.008007  0.003873   0.03947        29       640    0.8827     0.835    0.8929    0.6744   0.03801  0.007031  0.005837
    60/299     5.77G   0.02803  0.008017  0.004346   0.04039        20       640     0.884    0.8457    0.8905    0.6761   0.03828  0.007035  0.005666
    61/299     5.77G   0.02806  0.007975  0.004207   0.04024        28       640    0.8792    0.8573    0.8923    0.6794   0.03812   0.00703  0.005761
    62/299     5.77G   0.02792  0.007851  0.004127    0.0399        23       640    0.8859    0.8515    0.8952     0.679     0.038  0.007011  0.006223
    63/299     5.77G   0.02781  0.007904  0.003981    0.0397        19       640    0.8842     0.851    0.8975     0.681   0.03778  0.007035  0.006363
    64/299     5.77G   0.02815  0.007854  0.004126   0.04013        25       640    0.8849    0.8501    0.8966    0.6841   0.03778  0.007014   0.00613
    65/299     5.77G   0.02805   0.00797  0.004359   0.04038        25       640     0.863     0.871    0.8978    0.6818    0.0377  0.007028  0.005844
    66/299     5.77G    0.0277  0.007855  0.004172   0.03973        26       640    0.8579    0.8721    0.8967     0.683   0.03739  0.007057  0.005536
    67/299     5.77G   0.02787  0.007974  0.004138   0.03999        40       640    0.8558    0.8748    0.8972    0.6846   0.03713  0.007094   0.00552
    68/299     5.77G   0.02736  0.007971  0.003989   0.03932        24       640    0.8699    0.8611    0.8965     0.686   0.03675  0.007096  0.005393
    69/299     5.77G   0.02755    0.0078  0.004034   0.03939        36       640    0.8713    0.8666    0.8966    0.6861   0.03637   0.00712  0.005365
    70/299     5.77G   0.02722  0.007829  0.003978   0.03903        34       640    0.8615    0.8695    0.8987    0.6877   0.03595  0.007147  0.005322
    71/299     5.77G    0.0274  0.007817  0.004046   0.03927        38       640    0.8723    0.8589    0.8999    0.6898    0.0357  0.007157  0.005303
    72/299     5.77G   0.02767  0.007938  0.003953   0.03956        28       640    0.8834    0.8493    0.9003    0.6911    0.0355  0.007162  0.005233
    73/299     5.77G   0.02753  0.007884  0.003892    0.0393        35       640    0.8936    0.8431    0.9013    0.6918    0.0353  0.007151  0.005174
    74/299     5.77G   0.02731  0.007825  0.003812   0.03895        30       640    0.8924    0.8464    0.9024    0.6942   0.03505  0.007138  0.005151
    75/299     5.77G    0.0271   0.00779  0.003885   0.03878        29       640    0.8884    0.8542    0.9023    0.6914    0.0349  0.007136  0.005148
    76/299     5.77G   0.02708  0.007795  0.003748   0.03862        23       640    0.8936    0.8504    0.9017    0.6948   0.03482  0.007124  0.005149
    77/299     5.77G   0.02709  0.007836   0.00396   0.03889        47       640    0.8872    0.8573    0.9029    0.6962   0.03466  0.007133  0.005193
    78/299     5.77G   0.02711  0.007739  0.003983   0.03883        22       640    0.8901    0.8541    0.9036    0.6975   0.03454  0.007134  0.005199
    79/299     5.77G   0.02718  0.007778  0.003827   0.03878        32       640     0.895     0.848    0.9045    0.6987   0.03447  0.007135  0.005185
    80/299     5.77G   0.02702  0.007682  0.003956   0.03866        34       640     0.881    0.8657    0.9047    0.6989   0.03444  0.007136   0.00521
    81/299     5.77G   0.02678  0.007677  0.003813   0.03827        26       640    0.8844    0.8613    0.9044    0.6995   0.03442  0.007138  0.005286
    82/299     5.77G   0.02672  0.007681  0.003683   0.03809        19       640    0.8931    0.8553    0.9043    0.6994   0.03444   0.00714  0.005302
    83/299     5.77G   0.02682  0.007591  0.003737   0.03815        37       640    0.8932    0.8572     0.903    0.6994   0.03436  0.007142  0.005302
    84/299     5.77G   0.02716  0.007793  0.003903   0.03885        23       640    0.8931    0.8591    0.9042    0.6997   0.03423  0.007144  0.005263
    85/299     5.77G   0.02698  0.007705  0.003777   0.03846        34       640    0.8974    0.8584    0.9044       0.7   0.03409  0.007148  0.005223
    86/299     5.77G   0.02678  0.007667  0.003742   0.03819        20       640    0.8964    0.8547    0.9043    0.6995   0.03395  0.007153  0.005185
    87/299     5.77G   0.02691   0.00763  0.003783   0.03832        19       640    0.8911    0.8629    0.9046    0.6994   0.03395  0.007155  0.005135
    88/299     5.77G   0.02697  0.007796  0.003748   0.03852        19       640    0.8909    0.8655    0.9048    0.6999   0.03391  0.007154  0.005121
    89/299     5.77G   0.02611  0.007628  0.003401   0.03714        25       640    0.8902    0.8643    0.9042    0.7003   0.03389  0.007149  0.005113
    90/299     5.77G   0.02672  0.007551   0.00385   0.03812        13       640    0.8931     0.861    0.9038    0.6999   0.03389  0.007151  0.005116
    91/299     5.77G   0.02677  0.007686  0.003708   0.03816        31       640    0.8903    0.8612    0.9042    0.7009   0.03393  0.007151  0.005155
    92/299     5.77G   0.02658  0.007728  0.003781   0.03809        34       640    0.8832    0.8667    0.9043    0.7038   0.03392  0.007155   0.00518
    93/299     5.77G   0.02607  0.007485  0.003554   0.03711        26       640    0.8863     0.863     0.904    0.7041   0.03392  0.007156  0.005196
    94/299     5.77G   0.02687  0.007577  0.003835   0.03829        25       640    0.8885    0.8626    0.9039    0.7034    0.0339  0.007157  0.005191
    95/299     5.77G   0.02632  0.007729  0.003735   0.03779        53       640    0.8925    0.8595    0.9044    0.7038    0.0339   0.00716  0.005181
    96/299     5.77G   0.02662  0.007664  0.003489   0.03777        32       640    0.8924    0.8605    0.9047    0.7038   0.03389  0.007165  0.005172
    97/299     5.77G   0.02642  0.007664  0.003574   0.03766        27       640    0.8957    0.8577    0.9049    0.7048   0.03385  0.007165  0.005182
    98/299     5.77G   0.02663  0.007468  0.003635   0.03773        26       640    0.8926    0.8596    0.9051    0.7054   0.03385  0.007167  0.005193
    99/299     5.77G   0.02639  0.007434  0.003572    0.0374        36       640      0.89    0.8631    0.9052    0.7044   0.03383  0.007169  0.005232
   100/299     5.77G   0.02667  0.007625  0.003598   0.03789        20       640    0.8886    0.8662    0.9059    0.7045   0.03379  0.007172  0.005256
   101/299     5.77G   0.02628  0.007474   0.00383   0.03759        21       640    0.8857    0.8683    0.9063    0.7061   0.03376  0.007172  0.005276
   102/299     5.77G   0.02629  0.007548  0.003605   0.03744        27       640    0.8875    0.8671    0.9056    0.7071   0.03372  0.007169  0.005281
   103/299     5.77G     0.026  0.007538  0.003403   0.03695        19       640    0.8875    0.8675    0.9049    0.7072   0.03368  0.007164  0.005295
   104/299     5.77G   0.02608  0.007468  0.003456     0.037        20       640    0.8869    0.8684    0.9055    0.7072   0.03363  0.007164  0.005313
   105/299     5.77G    0.0259  0.007507   0.00343   0.03684        20       640    0.8951     0.863    0.9054    0.7073   0.03359  0.007161  0.005319
   106/299     5.77G   0.02627   0.00748  0.003437   0.03719        21       640    0.8955    0.8648    0.9057    0.7081   0.03358  0.007158  0.005319
   107/299     5.77G   0.02576   0.00758  0.003505   0.03684        26       640    0.8978    0.8646    0.9059     0.708   0.03355  0.007158  0.005308
   108/299     5.77G    0.0257  0.007412  0.003482    0.0366        23       640    0.8959    0.8647    0.9053    0.7088   0.03353  0.007153  0.005291
   109/299     5.77G   0.02567  0.007369  0.003426   0.03647        33       640    0.8975    0.8637    0.9052    0.7085    0.0335   0.00715  0.005287
   110/299     5.77G   0.02598  0.007373  0.003301   0.03665        43       640    0.8961    0.8666    0.9058    0.7094   0.03347  0.007152  0.005296
   111/299     5.77G   0.02572  0.007403  0.003405   0.03653        47       640    0.9001    0.8641    0.9056    0.7105   0.03348  0.007149  0.005294
   112/299     5.77G   0.02583  0.007461  0.003495   0.03679        24       640    0.9027    0.8626    0.9063    0.7103   0.03347  0.007147  0.005291
   113/299     5.77G   0.02532  0.007421  0.003501   0.03624        30       640    0.9006    0.8644    0.9062    0.7102   0.03348  0.007146  0.005278
   114/299     5.77G   0.02546  0.007406   0.00343    0.0363        22       640    0.9022    0.8627    0.9063    0.7108   0.03346  0.007146  0.005264
   115/299     5.77G   0.02565  0.007376  0.003179    0.0362        19       640    0.9019    0.8625    0.9064    0.7099   0.03342  0.007145  0.005257
   116/299     5.77G    0.0255   0.00745  0.003395   0.03635        30       640    0.9029    0.8623    0.9065     0.711   0.03339  0.007146  0.005276
   117/299     5.77G    0.0256  0.007331  0.003322   0.03625        22       640    0.9037    0.8611    0.9064     0.711   0.03334  0.007147  0.005295
   118/299     5.77G   0.02538  0.007471  0.003252    0.0361        50       640    0.9009    0.8628    0.9063    0.7115   0.03329  0.007148  0.005292
   119/299     5.77G    0.0255  0.007406  0.003291    0.0362        23       640    0.8983    0.8644    0.9063    0.7115   0.03324  0.007149  0.005277
   120/299     5.77G   0.02539  0.007398  0.003192   0.03598        37       640     0.899     0.864    0.9064    0.7108   0.03319  0.007149  0.005283
   121/299     5.77G   0.02561  0.007319  0.003213   0.03614        24       640    0.8996    0.8638    0.9068    0.7111   0.03314  0.007156  0.005296
   122/299     5.77G   0.02522  0.007429  0.003318   0.03597        25       640    0.9009    0.8628     0.907    0.7114    0.0331  0.007159  0.005301
   123/299     5.77G   0.02533  0.007393  0.003325   0.03605        27       640    0.9007    0.8631    0.9072    0.7113   0.03307  0.007161  0.005306
   124/299     5.77G   0.02502  0.007305  0.003313   0.03564        29       640    0.9036    0.8601    0.9074     0.712   0.03306   0.00716  0.005321
   125/299     5.77G   0.02511   0.00735  0.003189   0.03565        52       640    0.8926    0.8703    0.9074    0.7126   0.03303  0.007162   0.00532
   126/299     5.77G   0.02518   0.00733  0.003083    0.0356        31       640    0.8913     0.871    0.9073    0.7129   0.03299  0.007162  0.005315
   127/299     5.77G   0.02496  0.007329  0.003233   0.03552        24       640      0.89    0.8711    0.9073    0.7136   0.03295  0.007162  0.005315
   128/299     5.77G   0.02521  0.007353    0.0034   0.03597        32       640    0.8929    0.8695    0.9081    0.7143   0.03291  0.007167  0.005314
   129/299     5.77G    0.0251  0.007353  0.003316   0.03577        24       640    0.8986     0.864     0.908    0.7131   0.03288  0.007171  0.005307
   130/299     5.77G   0.02499  0.007301  0.003214   0.03551        38       640    0.8988     0.864     0.908    0.7144   0.03285  0.007176  0.005298
   131/299     5.77G   0.02537  0.007279  0.003252    0.0359        33       640    0.9026     0.861     0.908    0.7145   0.03287  0.007183  0.005279
   132/299     5.77G   0.02489   0.00721  0.003001    0.0351        33       640    0.9051    0.8596    0.9079    0.7145   0.03288  0.007187  0.005259
   133/299     5.77G   0.02482  0.007264  0.003062   0.03514        36       640    0.9067    0.8585    0.9083    0.7155   0.03288  0.007189  0.005257
   134/299     5.77G   0.02484  0.007278  0.003287   0.03541        20       640     0.892    0.8711    0.9081    0.7161   0.03288  0.007192  0.005256
   135/299     5.77G   0.02467  0.007304  0.003154   0.03513        21       640    0.8993    0.8663    0.9085    0.7156   0.03285  0.007193  0.005244
   136/299     5.77G   0.02489  0.007217  0.003111   0.03522        21       640    0.8982    0.8657    0.9083    0.7175   0.03284  0.007194  0.005227
   137/299     5.77G   0.02434  0.007201  0.003113   0.03466        18       640    0.9005    0.8646    0.9084    0.7175   0.03283  0.007196  0.005213
   138/299     5.77G   0.02445  0.007125  0.003045   0.03462        26       640    0.8992    0.8655    0.9084    0.7175   0.03281  0.007197  0.005204
   139/299     5.77G   0.02416   0.00726  0.002874   0.03429        32       640    0.9009    0.8665    0.9088    0.7169   0.03281  0.007198  0.005189
   140/299     5.77G   0.02416  0.007236  0.003044   0.03444        31       640    0.9005    0.8673    0.9091    0.7178   0.03281    0.0072  0.005168
   141/299     5.77G   0.02465  0.007199  0.003137   0.03498        24       640    0.9037    0.8651    0.9093    0.7184    0.0328  0.007203  0.005144
   142/299     5.77G   0.02424  0.007128  0.003117   0.03448        30       640     0.905    0.8642    0.9094    0.7186   0.03281  0.007204   0.00512
   143/299     5.77G   0.02438  0.007055  0.003027   0.03446        22       640    0.9044    0.8655    0.9096    0.7187   0.03285  0.007207  0.005097
   144/299     5.77G   0.02454  0.007168  0.003109   0.03482        25       640    0.9077    0.8631    0.9091    0.7192    0.0329  0.007209   0.00509
   145/299     5.77G    0.0245  0.007113  0.002949   0.03456        27       640    0.9083    0.8629    0.9098    0.7196   0.03293   0.00721  0.005077
   146/299     5.77G    0.0244  0.007078  0.002897   0.03437        20       640    0.9074    0.8629    0.9102    0.7204   0.03294  0.007211  0.005068
   147/299     5.77G   0.02389  0.007123  0.003147   0.03416        42       640    0.9069     0.863    0.9104    0.7198   0.03294  0.007213  0.005065
   148/299     5.77G   0.02411    0.0071  0.002805   0.03401        27       640    0.9048    0.8652    0.9101    0.7204   0.03294  0.007214  0.005062
   149/299     5.77G   0.02395  0.007127  0.002779   0.03385        30       640    0.9028    0.8684    0.9103    0.7203   0.03294  0.007213  0.005041
   150/299     5.77G   0.02385  0.007102  0.002879   0.03383        28       640    0.9051    0.8676    0.9105     0.721   0.03294  0.007212  0.005019
   151/299     5.77G   0.02426  0.007214  0.003033    0.0345        30       640    0.9054    0.8676    0.9107    0.7212   0.03293  0.007212  0.004999
   152/299     5.77G   0.02413  0.007113  0.002953    0.0342        17       640    0.9061    0.8676     0.911    0.7219   0.03291   0.00721  0.004989
   153/299     5.77G   0.02371  0.006932  0.002746   0.03339        24       640    0.9087    0.8659    0.9114    0.7216   0.03286  0.007209  0.004977
   154/299     5.77G   0.02414  0.007069  0.002878   0.03409        16       640     0.908    0.8668    0.9116    0.7215   0.03282  0.007207  0.004962
   155/299     5.77G   0.02363  0.006959  0.002712    0.0333        33       640    0.9089    0.8655    0.9118    0.7214   0.03279  0.007207  0.004951
   156/299     5.77G   0.02364  0.007079  0.002761   0.03348        23       640    0.9053     0.868    0.9123    0.7216   0.03278  0.007206  0.004933
   157/299     5.77G   0.02413   0.00713  0.002825   0.03408        26       640    0.9066    0.8662    0.9124    0.7221   0.03276  0.007205  0.004917
   158/299     5.77G   0.02398  0.006942  0.002598   0.03352        18       640    0.9089    0.8651    0.9126    0.7225   0.03274  0.007203  0.004901
   159/299     5.77G   0.02358  0.006908  0.002666   0.03315        25       640     0.906    0.8694    0.9129    0.7227    0.0327  0.007202  0.004885
   160/299     5.77G   0.02381  0.007028   0.00284   0.03368        26       640    0.9079    0.8678    0.9131    0.7221   0.03267  0.007202  0.004866
   161/299     5.77G   0.02359  0.006976  0.002827   0.03339        28       640    0.9082     0.869    0.9132    0.7221   0.03264    0.0072  0.004847
   162/299     5.77G   0.02315  0.006873  0.002675    0.0327        24       640    0.9101    0.8672    0.9132    0.7226   0.03262  0.007198  0.004828
   163/299     5.77G   0.02353  0.006938  0.002803   0.03328        20       640    0.9087    0.8695    0.9136    0.7229   0.03259  0.007196  0.004824
   164/299     5.77G   0.02337  0.006868  0.002687   0.03292        28       640    0.9086    0.8703    0.9142    0.7233   0.03256  0.007196  0.004829
   165/299     5.77G   0.02366   0.00698  0.002612   0.03325        20       640    0.9105    0.8668    0.9137    0.7236    0.0325  0.007199   0.00484
   166/299     5.77G   0.02341  0.006882  0.002601   0.03289        27       640      0.91    0.8666    0.9138    0.7233   0.03246  0.007198  0.004845
   167/299     5.77G   0.02326  0.006783  0.002528   0.03258        34       640    0.9025    0.8726    0.9137    0.7238   0.03242  0.007199  0.004852
   168/299     5.77G   0.02353  0.006769  0.002575   0.03288        33       640    0.9017    0.8738    0.9137    0.7235   0.03239  0.007198  0.004853
   169/299     5.77G   0.02333  0.006891  0.002655   0.03287        28       640    0.9034    0.8721    0.9138    0.7235   0.03235  0.007199  0.004852
   170/299     5.77G   0.02313  0.006832  0.002549   0.03251        25       640    0.9034    0.8733    0.9145    0.7237    0.0323  0.007202   0.00485
   171/299     5.77G   0.02319  0.006823  0.002567   0.03258        33       640    0.9041    0.8709    0.9148    0.7244   0.03227  0.007203  0.004845
   172/299     5.77G   0.02315  0.006882  0.002684   0.03271        45       640    0.8977     0.876    0.9152    0.7239   0.03225  0.007201  0.004844
   173/299     5.77G   0.02331  0.006916  0.002679   0.03291        18       640    0.9124    0.8619    0.9148    0.7242   0.03225  0.007201   0.00483
   174/299     5.77G   0.02283  0.006832  0.002505   0.03217        28       640    0.9134     0.862    0.9154    0.7247   0.03224  0.007203  0.004822
   175/299     5.77G   0.02282  0.006797  0.002507   0.03213        31       640    0.9128    0.8619    0.9149    0.7245   0.03223  0.007202  0.004813
   176/299     5.77G   0.02274  0.006681  0.002642   0.03206        15       640    0.9159    0.8612    0.9153    0.7257   0.03222  0.007202  0.004798
   177/299     5.77G   0.02282  0.006802   0.00255   0.03217        11       640    0.8958    0.8808    0.9157    0.7261   0.03221  0.007203  0.004799
   178/299     5.77G   0.02285  0.006845  0.002618   0.03231        21       640    0.8939    0.8828    0.9159    0.7261   0.03221  0.007206  0.004801
   179/299     5.77G   0.02286  0.006787  0.002555    0.0322        39       640    0.8939    0.8828     0.916    0.7261   0.03223  0.007207  0.004793
   180/299     5.77G   0.02242  0.006724  0.002422   0.03157        37       640    0.8978    0.8809    0.9159    0.7264   0.03224  0.007206  0.004791
   181/299     5.77G   0.02296  0.006772  0.002572    0.0323        27       640    0.8942    0.8846    0.9162     0.726   0.03226  0.007207  0.004785
   182/299     5.77G   0.02284  0.006798  0.002645   0.03229        23       640    0.8961    0.8848    0.9166    0.7263   0.03224  0.007208  0.004786
   183/299     5.77G   0.02223  0.006672  0.002453   0.03135        24       640    0.8969     0.884    0.9163    0.7266   0.03222   0.00721   0.00478
   184/299     5.77G   0.02241  0.006737  0.002448    0.0316        28       640    0.8977    0.8827    0.9166    0.7268    0.0322  0.007211  0.004777
   185/299     5.77G   0.02262  0.006796  0.002549   0.03196        16       640    0.8989    0.8811    0.9167    0.7272   0.03217   0.00721   0.00477
   186/299     5.77G   0.02244  0.006638  0.002399   0.03148        36       640    0.8993    0.8809    0.9162    0.7275   0.03214  0.007211  0.004759
   187/299     5.77G   0.02229  0.006699  0.002447   0.03143        20       640    0.8989    0.8817    0.9163    0.7275   0.03211  0.007212  0.004762
   188/299     5.77G    0.0223  0.006668  0.002284   0.03125        34       640    0.8986    0.8825    0.9163    0.7279   0.03208  0.007213  0.004757
   189/299     5.77G   0.02226  0.006757  0.002439   0.03145        24       640    0.9017    0.8798    0.9162    0.7282   0.03205  0.007214  0.004764
   190/299     5.77G   0.02205  0.006697  0.002635   0.03138        29       640    0.9012    0.8805    0.9163    0.7291   0.03202  0.007215  0.004759
   191/299     5.77G   0.02227  0.006737  0.002557   0.03156        40       640    0.8964    0.8855    0.9163    0.7297   0.03202  0.007214  0.004756
   192/299     5.77G   0.02224  0.006708  0.002473   0.03142        22       640    0.9022    0.8811    0.9166    0.7298   0.03204  0.007217  0.004743
   193/299     5.77G   0.02181  0.006599  0.002243   0.03065        31       640    0.9044    0.8806    0.9164    0.7306   0.03205   0.00722  0.004723
   194/299     5.77G   0.02201  0.006639  0.002394   0.03104        22       640    0.9037    0.8801    0.9166      0.73   0.03205   0.00722  0.004698
   195/299     5.77G   0.02185  0.006623  0.002344   0.03081        20       640    0.9036    0.8804    0.9172    0.7305   0.03206  0.007222  0.004677
   196/299     5.77G   0.02151  0.006601  0.002294    0.0304        29       640    0.9001    0.8836    0.9181    0.7303   0.03208  0.007224  0.004662
   197/299     5.77G    0.0217  0.006565  0.002211   0.03047        42       640    0.9029    0.8811     0.918    0.7304   0.03208  0.007224  0.004637
   198/299     5.77G   0.02176   0.00668   0.00232   0.03076        21       640    0.9051    0.8806    0.9182    0.7302   0.03209  0.007228  0.004619
   199/299     5.77G   0.02181  0.006487  0.002157   0.03045        25       640    0.9048    0.8812    0.9184    0.7304    0.0321  0.007229  0.004591
   200/299     5.77G   0.02202  0.006559  0.002384   0.03096        28       640    0.9045    0.8808    0.9188    0.7306   0.03208  0.007231  0.004565
   201/299     5.77G    0.0219  0.006607  0.002289    0.0308        19       640    0.8937    0.8908    0.9188    0.7305   0.03204  0.007232  0.004547
   202/299     5.77G   0.02171  0.006516  0.002184   0.03041        28       640     0.894    0.8906    0.9189      0.73   0.03199  0.007234  0.004541
   203/299     5.77G    0.0214  0.006468   0.00216   0.03003        40       640    0.8952    0.8899    0.9192    0.7305   0.03196  0.007236  0.004534
   204/299     5.77G   0.02153   0.00647  0.002257   0.03026        15       640    0.8955    0.8921    0.9193    0.7306   0.03194  0.007236  0.004526
   205/299     5.77G   0.02153  0.006526  0.002349    0.0304        40       640    0.8952    0.8915    0.9195    0.7307   0.03192  0.007239   0.00452
   206/299     5.77G   0.02169  0.006473  0.002209   0.03037        31       640     0.896    0.8915      0.92    0.7307   0.03192  0.007241  0.004511
   207/299     5.77G   0.02123  0.006326  0.002109   0.02966        18       640    0.8976    0.8921    0.9203    0.7304   0.03191  0.007243  0.004499
   208/299     5.77G   0.02136  0.006365  0.002119   0.02985        21       640    0.8956    0.8921    0.9202    0.7311   0.03192  0.007242  0.004479
   209/299     5.77G   0.02143  0.006321  0.002133   0.02989        30       640    0.8953    0.8927    0.9202    0.7311   0.03194  0.007244  0.004461
   210/299     5.77G    0.0214  0.006347  0.002134   0.02988        23       640    0.9141     0.874    0.9204     0.731   0.03196  0.007247  0.004444
   211/299     5.77G   0.02112   0.00641  0.002098   0.02963        28       640    0.9134    0.8744    0.9202    0.7312   0.03196   0.00725  0.004429
   212/299     5.77G   0.02125  0.006415  0.002134    0.0298        25       640    0.9149    0.8732    0.9205     0.731   0.03196  0.007254  0.004414
   213/299     5.77G   0.02095  0.006358  0.002086   0.02939        29       640    0.9151     0.875    0.9208    0.7317   0.03198  0.007258  0.004403
   214/299     5.77G   0.02087  0.006358  0.002209   0.02944        23       640    0.9022    0.8865    0.9208    0.7313   0.03197  0.007262  0.004398
   215/299     5.77G   0.02114  0.006416  0.002045    0.0296        25       640    0.9021    0.8864    0.9205    0.7315   0.03195  0.007264  0.004394
   216/299     5.77G   0.02091  0.006217  0.002078    0.0292        14       640    0.9133    0.8762    0.9214    0.7322   0.03194  0.007265   0.00439
   217/299     5.77G   0.02141  0.006362  0.002135   0.02991        24       640    0.8949    0.8938    0.9211    0.7322   0.03194  0.007265   0.00439
   218/299     5.77G   0.02049  0.006248  0.001981   0.02872        16       640    0.8921    0.8983    0.9217    0.7317   0.03194  0.007271  0.004385
   219/299     5.77G   0.02065  0.006255  0.001952   0.02885        28       640    0.8913    0.8993    0.9219     0.732   0.03196  0.007276  0.004383
   220/299     5.77G    0.0206   0.00628  0.001982   0.02886        40       640    0.8928    0.8979    0.9218    0.7342   0.03197  0.007279  0.004376
   221/299     5.77G   0.02052  0.006156  0.001986   0.02867        19       640    0.8947    0.8963    0.9218    0.7337   0.03197  0.007283  0.004359
   222/299     5.77G   0.02041  0.006128  0.001907   0.02845        41       640    0.8954    0.8954    0.9209     0.733   0.03195   0.00729  0.004345
   223/299     5.77G   0.02041  0.006216  0.001899   0.02853        23       640    0.9065    0.8858    0.9212    0.7326   0.03195  0.007295   0.00434
   224/299     5.77G   0.02064  0.006255  0.002041   0.02894        25       640    0.8944    0.8984    0.9211    0.7332   0.03196  0.007299  0.004337
   225/299     5.77G   0.02061  0.006231  0.002088   0.02893        27       640    0.9047    0.8884     0.921    0.7335   0.03195  0.007301  0.004329
   226/299     5.77G   0.02052  0.006237   0.00195   0.02871        23       640     0.907    0.8884     0.921    0.7335   0.03194  0.007303  0.004316
   227/299     5.77G   0.02019  0.006145  0.001909   0.02824        29       640    0.9129    0.8825     0.921    0.7341   0.03192  0.007307   0.00431
   228/299     5.77G   0.02061  0.006149  0.002089   0.02885        24       640    0.9121    0.8832    0.9212    0.7338    0.0319  0.007311  0.004305
   229/299     5.77G   0.02048  0.006216  0.001948   0.02864        25       640    0.9142    0.8827    0.9214     0.734   0.03189  0.007314  0.004295
   230/299     5.77G   0.02062  0.006111  0.001914   0.02864        29       640    0.9113    0.8844    0.9216    0.7341   0.03187  0.007318  0.004289
   231/299     5.77G   0.02014   0.00617  0.002008   0.02832        19       640    0.9022    0.8942    0.9216    0.7339   0.03185   0.00732  0.004284
   232/299     5.77G   0.01985  0.006084  0.001935   0.02787        23       640    0.9099    0.8878    0.9214     0.734   0.03181  0.007321  0.004278
   233/299     5.77G    0.0201  0.006133  0.001856   0.02808        27       640    0.9098    0.8878    0.9216    0.7343   0.03178  0.007322  0.004273
   234/299     5.77G   0.02015  0.006093  0.001839   0.02808        44       640    0.9099    0.8885    0.9216    0.7343   0.03175  0.007325  0.004263
   235/299     5.77G   0.02006   0.00609  0.001829   0.02798        36       640    0.9092    0.8887     0.922    0.7351   0.03172  0.007327  0.004257
   236/299     5.77G   0.01975   0.00607  0.001786    0.0276        28       640    0.9087    0.8892     0.922    0.7349   0.03169  0.007331  0.004252
   237/299     5.77G   0.02018  0.006147  0.001897   0.02822        29       640    0.9096    0.8903    0.9228     0.736   0.03166  0.007334   0.00425
   238/299     5.77G   0.01979  0.005995  0.001827   0.02761        46       640    0.8937    0.9064    0.9229    0.7361   0.03164  0.007337  0.004249
   239/299     5.77G    0.0199  0.006075  0.001804   0.02778        16       640    0.8944    0.9058    0.9227    0.7358   0.03161  0.007339  0.004244
   240/299     5.77G   0.01969  0.006029  0.001813   0.02753        34       640    0.8982    0.9006    0.9224    0.7367   0.03157  0.007344   0.00424
   241/299     5.77G   0.01962  0.006012  0.001898   0.02753        29       640    0.8986    0.8998    0.9227    0.7367   0.03156   0.00735  0.004236
   242/299     5.77G   0.01966  0.005979  0.001785   0.02742        25       640    0.8971    0.9023    0.9227    0.7368   0.03154  0.007354   0.00423
   243/299     5.77G   0.01965  0.006007  0.001723   0.02738        31       640       0.9    0.9002    0.9226    0.7371   0.03153  0.007359  0.004219
   244/299     5.77G   0.01962  0.005968  0.001723   0.02732        25       640    0.9013    0.8997    0.9227    0.7374    0.0315  0.007363  0.004205
   245/299     5.77G   0.01951  0.005971    0.0017   0.02718        25       640    0.9013    0.8989    0.9224    0.7372   0.03147  0.007367  0.004195
   246/299     5.77G   0.01966  0.006008  0.001766   0.02743        32       640    0.9017    0.8979    0.9223    0.7373   0.03144  0.007369  0.004184
   247/299     5.77G   0.01936  0.005878  0.001708   0.02694        26       640    0.9025    0.8968    0.9227    0.7373   0.03141   0.00737  0.004179
   248/299     5.77G   0.01962  0.005896  0.001826   0.02735        23       640    0.9008    0.8983    0.9228    0.7376   0.03139  0.007374  0.004178
   249/299     5.77G   0.01923  0.005895  0.001709   0.02683        34       640    0.8963    0.9032    0.9227    0.7379   0.03136  0.007377  0.004174
   250/299     5.77G   0.01922  0.005936  0.001746    0.0269        33       640    0.9063    0.8942    0.9228    0.7374   0.03132  0.007381  0.004177
   251/299     5.77G   0.01928  0.005875  0.001652   0.02681        20       640    0.9086    0.8927     0.923    0.7366   0.03129  0.007386   0.00418
   252/299     5.77G   0.01921  0.005844  0.001768   0.02682        28       640    0.8969    0.9027    0.9229    0.7368   0.03126   0.00739  0.004185
   253/299     5.77G   0.01912  0.005967  0.001632   0.02672        19       640    0.8931    0.9061    0.9223    0.7365   0.03124  0.007394   0.00418
   254/299     5.77G   0.01914  0.005888  0.001653   0.02668        39       640    0.8966    0.9032    0.9224    0.7369   0.03122  0.007399  0.004173
   255/299     5.77G   0.01922  0.005886    0.0017   0.02681        22       640    0.8933    0.9065    0.9224    0.7374    0.0312  0.007404  0.004161
   256/299     5.77G   0.01919  0.005842  0.001629   0.02666        26       640    0.8934    0.9062    0.9228    0.7374   0.03118   0.00741  0.004149
   257/299     5.77G    0.0191  0.005935  0.001706   0.02674        31       640    0.9005    0.9002    0.9228    0.7374   0.03116  0.007414  0.004146
   258/299     5.77G   0.01924  0.005812  0.001628   0.02668        47       640    0.8999    0.9011    0.9229     0.737   0.03115  0.007418  0.004143
   259/299     5.77G   0.01904  0.005815  0.001637   0.02649        13       640    0.9001    0.9025    0.9236    0.7374   0.03112  0.007425  0.004137
   260/299     5.77G   0.01882  0.005753  0.001625   0.02619        34       640    0.9007    0.9026    0.9236    0.7371   0.03109  0.007429  0.004135
   261/299     5.77G   0.01885  0.005803   0.00162   0.02627        16       640    0.9022    0.9002    0.9238    0.7374   0.03108  0.007434  0.004127
   262/299     5.77G   0.01886  0.005745  0.001516   0.02612        18       640    0.9022    0.9011    0.9227    0.7371   0.03106  0.007439  0.004121
   263/299     5.77G   0.01899  0.005816  0.001661   0.02647        38       640    0.9124    0.8928    0.9227     0.737   0.03105  0.007443  0.004114
   264/299     5.77G   0.01894  0.005759  0.001683   0.02638        22       640    0.9038    0.9011    0.9234    0.7365   0.03102  0.007449  0.004113
   265/299     5.77G   0.01903  0.005903  0.001639   0.02657        30       640    0.9124    0.8936    0.9235    0.7364     0.031  0.007453   0.00411
   266/299     5.77G   0.01893  0.005743  0.001711   0.02638        25       640    0.9113    0.8969    0.9236    0.7368   0.03097  0.007459  0.004102
   267/299     5.77G   0.01927  0.005839  0.001581   0.02669        27       640    0.9107    0.8986    0.9243     0.737   0.03095  0.007462   0.00409
   268/299     5.77G   0.01876  0.005824   0.00159   0.02617        24       640    0.9109    0.8985    0.9242    0.7372   0.03094  0.007466  0.004075
   269/299     5.77G   0.01874  0.005852   0.00163   0.02623        19       640    0.9107    0.9003    0.9237    0.7372   0.03092  0.007471  0.004061
   270/299     5.77G   0.01871  0.005753  0.001557   0.02602        24       640     0.912    0.8981    0.9237    0.7366    0.0309  0.007475  0.004048
   271/299     5.77G   0.01875  0.005713  0.001541   0.02601        41       640    0.9121    0.8989    0.9234    0.7361   0.03089  0.007479  0.004039
   272/299     5.77G   0.01874  0.005811  0.001531   0.02608        25       640     0.913     0.898    0.9236     0.736   0.03087  0.007483  0.004028
   273/299     5.77G    0.0187  0.005767  0.001616   0.02608        17       640    0.9092    0.9011    0.9236     0.736   0.03087  0.007485  0.004022
   274/299     5.77G   0.01834  0.005772  0.001496   0.02561        18       640    0.9106    0.9007    0.9238    0.7367   0.03086   0.00749  0.004014
   275/299     5.77G   0.01838  0.005644  0.001528   0.02556        48       640    0.9099    0.8994    0.9232    0.7369   0.03085  0.007494  0.004004
   276/299     5.77G   0.01833  0.005719  0.001618   0.02567        31       640    0.9092    0.8996    0.9233    0.7374   0.03082  0.007498  0.003993
   277/299     5.77G   0.01832  0.005651  0.001495   0.02546        37       640    0.9109    0.8981     0.923    0.7377   0.03079  0.007504  0.003987
   278/299     5.77G   0.01861  0.005711  0.001586   0.02591        34       640     0.914    0.8949    0.9229    0.7383   0.03076   0.00751  0.003995
   279/299     5.77G   0.01865  0.005654  0.001573   0.02588        29       640    0.9128    0.8949    0.9231     0.739   0.03072  0.007514  0.003997
   280/299     5.77G   0.01833  0.005607  0.001553   0.02549        24       640    0.9128    0.8947    0.9227    0.7393   0.03069  0.007518  0.003995
   281/299     5.77G   0.01829  0.005632  0.001406   0.02533        24       640    0.9132    0.8948    0.9228    0.7396   0.03066  0.007521  0.003994
   282/299     5.77G   0.01822  0.005586   0.00148   0.02529        32       640    0.9109    0.8972    0.9229    0.7398   0.03062  0.007525  0.003984
   283/299     5.77G   0.01838  0.005642   0.00149   0.02552        20       640    0.9114    0.8978    0.9231    0.7396   0.03059  0.007529  0.003974
   284/299     5.77G   0.01826  0.005657  0.001501   0.02542        27       640    0.9129     0.897    0.9231      0.74   0.03056  0.007532  0.003966
   285/299     5.77G   0.01822  0.005708  0.001493   0.02542        21       640    0.9122    0.8963    0.9232    0.7403   0.03052  0.007535  0.003962
   286/299     5.77G    0.0184  0.005698  0.001571   0.02567        45       640    0.9127    0.8957    0.9232    0.7402   0.03047  0.007541  0.003957
   287/299     5.77G   0.01834  0.005563  0.001581   0.02549        33       640    0.9119    0.8961     0.923    0.7399   0.03043  0.007546   0.00395
   288/299     5.77G   0.01808  0.005596  0.001557   0.02523        24       640    0.9249     0.883    0.9229    0.7404   0.03038   0.00755   0.00394
   289/299     5.77G   0.01796  0.005616  0.001491   0.02507        21       640    0.9242    0.8833    0.9229    0.7394   0.03035  0.007554  0.003936
   290/299     5.77G   0.01832  0.005701  0.001484   0.02551        35       640    0.9021    0.9036    0.9229    0.7393   0.03031  0.007559  0.003934
   291/299     5.77G   0.01791  0.005571  0.001387   0.02487        23       640    0.9241    0.8835    0.9227    0.7389   0.03027  0.007566  0.003932
   292/299     5.77G   0.01806  0.005617  0.001504   0.02518        20       640    0.9235     0.885    0.9227    0.7388   0.03023  0.007571  0.003928
   293/299     5.77G   0.01787  0.005575  0.001395   0.02484        18       640    0.9234    0.8857    0.9228    0.7387   0.03019  0.007577  0.003924
   294/299     5.77G   0.01811  0.005595  0.001408   0.02511        29       640    0.9236    0.8854    0.9227     0.739   0.03015  0.007583  0.003922
   295/299     5.77G   0.01801  0.005552  0.001433     0.025        22       640    0.9245    0.8844    0.9224    0.7387   0.03011   0.00759  0.003916
   296/299     5.77G   0.01806  0.005574   0.00139   0.02502        45       640    0.9237     0.885    0.9221     0.739   0.03007  0.007594  0.003908
   297/299     5.77G   0.01787  0.005596  0.001508   0.02497        25       640    0.9243    0.8848     0.922    0.7385   0.03003  0.007595  0.003907
   298/299     5.77G   0.01819  0.005576  0.001472   0.02524        35       640     0.924    0.8861    0.9218    0.7388   0.02999  0.007599  0.003904
   299/299     5.77G    0.0175  0.005578  0.001334   0.02441        33       640     0.925    0.8851     0.922    0.7389   0.02994  0.007603  0.003899
